Pass 1: -694 728 135 226 258 27 700 -945 82 385 -980 -145 691 399 813
Pass 2: -694 135 226 258 27 700 -945 82 385 -980 -145 691 399 728 813
Pass 3: -694 135 226 27 258 -945 82 385 -980 -145 691 399 700 728 813
Pass 4: -694 135 27 226 -945 82 258 -980 -145 385 399 691 700 728 813
Pass 5: -694 27 135 -945 82 226 -980 -145 258 385 399 691 700 728 813
Pass 6: -694 27 -945 82 135 -980 -145 226 258 385 399 691 700 728 813
Pass 7: -694 -945 27 82 -980 -145 135 226 258 385 399 691 700 728 813
Pass 8: -945 -694 27 -980 -145 82 135 226 258 385 399 691 700 728 813
Pass 9: -945 -694 -980 -145 27 82 135 226 258 385 399 691 700 728 813
Pass 10: -945 -980 -694 -145 27 82 135 226 258 385 399 691 700 728 813
Pass 11: -980 -945 -694 -145 27 82 135 226 258 385 399 691 700 728 813