Pass 1: -694 728 813 135 226 258 27 700 -945 82 385 -980 -145 691 399
Pass 2: -694 728 813 135 226 258 27 700 -945 82 385 -980 -145 691 399
Pass 3: -694 135 728 813 226 258 27 700 -945 82 385 -980 -145 691 399
Pass 4: -694 135 226 728 813 258 27 700 -945 82 385 -980 -145 691 399
Pass 5: -694 135 226 258 728 813 27 700 -945 82 385 -980 -145 691 399
Pass 6: -694 27 135 226 258 728 813 700 -945 82 385 -980 -145 691 399
Pass 7: -694 27 135 226 258 700 728 813 -945 82 385 -980 -145 691 399
Pass 8: -945 -694 27 135 226 258 700 728 813 82 385 -980 -145 691 399
Pass 9: -945 -694 27 82 135 226 258 700 728 813 385 -980 -145 691 399
Pass 10: -945 -694 27 82 135 226 258 385 700 728 813 -980 -145 691 399
Pass 11: -980 -945 -694 27 82 135 226 258 385 700 728 813 -145 691 399
Pass 12: -980 -945 -694 -145 27 82 135 226 258 385 700 728 813 691 399
Pass 13: -980 -945 -694 -145 27 82 135 226 258 385 691 700 728 813 399
Pass 14: -980 -945 -694 -145 27 82 135 226 258 385 399 691 700 728 813