Pass 1: -963 -472 -997 -473 48 103 -150 -769 -845 892 951 69 587
Pass 2: -997 -963 -472 -473 48 103 -150 -769 -845 892 951 69 587
Pass 3: -997 -963 -473 -472 48 103 -150 -769 -845 892 951 69 587
Pass 4: -997 -963 -473 -472 48 103 -150 -769 -845 892 951 69 587
Pass 5: -997 -963 -473 -472 48 103 -150 -769 -845 892 951 69 587
Pass 6: -997 -963 -473 -472 -150 48 103 -769 -845 892 951 69 587
Pass 7: -997 -963 -769 -473 -472 -150 48 103 -845 892 951 69 587
Pass 8: -997 -963 -845 -769 -473 -472 -150 48 103 892 951 69 587
Pass 9: -997 -963 -845 -769 -473 -472 -150 48 103 892 951 69 587
Pass 10: -997 -963 -845 -769 -473 -472 -150 48 103 892 951 69 587
Pass 11: -997 -963 -845 -769 -473 -472 -150 48 69 103 892 951 587
Pass 12: -997 -963 -845 -769 -473 -472 -150 48 69 103 587 892 951