Pass 1: 810 784 701 411 214 192 188 -326 -358 -524 -606 -853 -887 890
Pass 2: 784 701 411 214 192 188 -326 -358 -524 -606 -853 -887 810 890
Pass 3: 701 411 214 192 188 -326 -358 -524 -606 -853 -887 784 810 890
Pass 4: 411 214 192 188 -326 -358 -524 -606 -853 -887 701 784 810 890
Pass 5: 214 192 188 -326 -358 -524 -606 -853 -887 411 701 784 810 890
Pass 6: 192 188 -326 -358 -524 -606 -853 -887 214 411 701 784 810 890
Pass 7: 188 -326 -358 -524 -606 -853 -887 192 214 411 701 784 810 890
Pass 8: -326 -358 -524 -606 -853 -887 188 192 214 411 701 784 810 890
Pass 9: -358 -524 -606 -853 -887 -326 188 192 214 411 701 784 810 890
Pass 10: -524 -606 -853 -887 -358 -326 188 192 214 411 701 784 810 890
Pass 11: -606 -853 -887 -524 -358 -326 188 192 214 411 701 784 810 890
Pass 12: -853 -887 -606 -524 -358 -326 188 192 214 411 701 784 810 890
Pass 13: -887 -853 -606 -524 -358 -326 188 192 214 411 701 784 810 890