Pass 1: 810 890 784 701 411 214 192 188 -326 -358 -524 -606 -853 -887
Pass 2: 784 810 890 701 411 214 192 188 -326 -358 -524 -606 -853 -887
Pass 3: 701 784 810 890 411 214 192 188 -326 -358 -524 -606 -853 -887
Pass 4: 411 701 784 810 890 214 192 188 -326 -358 -524 -606 -853 -887
Pass 5: 214 411 701 784 810 890 192 188 -326 -358 -524 -606 -853 -887
Pass 6: 192 214 411 701 784 810 890 188 -326 -358 -524 -606 -853 -887
Pass 7: 188 192 214 411 701 784 810 890 -326 -358 -524 -606 -853 -887
Pass 8: -326 188 192 214 411 701 784 810 890 -358 -524 -606 -853 -887
Pass 9: -358 -326 188 192 214 411 701 784 810 890 -524 -606 -853 -887
Pass 10: -524 -358 -326 188 192 214 411 701 784 810 890 -606 -853 -887
Pass 11: -606 -524 -358 -326 188 192 214 411 701 784 810 890 -853 -887
Pass 12: -853 -606 -524 -358 -326 188 192 214 411 701 784 810 890 -887
Pass 13: -887 -853 -606 -524 -358 -326 188 192 214 411 701 784 810 890